1 59.553999999999994941 0.248362638091965543
2 32.193000000000004945 0.115849039702536225
3 23.753999999999997783 0.169422548676378737
4 20.205999999999999517 0.119682914403017149
5 19.243000000000002103 0.137335355972159706
6 19.338000000000000966 0.321116801179882561
7 23.268000000000000682 0.080349237706402926
8 21.521999999999998465 0.341227197040329888
9 20.337999999999997414 0.415230056715551021
10 20.205000000000001847 0.223170338530908147
11 20.565999999999995396 0.525931554482140018
12 20.716000000000001080 0.474998947367254731
