1 258.487999999999942702 0.566635685427599345
2 137.704000000000007731 0.326594549862665784
3 98.714999999999989200 0.199361480732864554
4 79.054999999999992610 0.179122862862336779
5 68.945000000000007390 0.196532440070333408
6 63.406000000000005912 0.179008379692124714
7 79.517000000000010118 0.344355920524100134
8 73.382000000000019213 0.119565881421083611
9 69.162999999999996703 0.159125736447627453
10 65.162000000000006139 0.216877845802653485
11 63.156000000000005912 0.373020106696676568
12 60.411999999999999034 0.475915958967548014
