1 17.114000000000000767 0.047581509013481578
2 11.050000000000000711 0.043588989435406948
3 10.843999999999999417 0.017435595774162690
4 11.652000000000001023 0.033105890714493547
5 11.966999999999998749 0.058318093247293201
6 12.285999999999997812 0.026153393661244272
7 12.750999999999999446 0.022999999999999510
8 12.540000000000000924 0.020976176963403263
9 12.621999999999999886 0.022715633383201348
10 12.763999999999999346 0.026153393661244178
11 12.916999999999998039 0.006403124237432712
12 13.098999999999998423 0.017578395831247085
