1 244.561999999999983402 1.962864233715613693
2 131.992000000000018645 0.434690694632401176
3 94.879000000000019099 0.988751232616171150
4 75.294999999999987494 0.308488249371025591
5 66.084000000000017394 0.201851430512641872
6 60.928999999999994941 0.125574678976296789
7 75.475999999999999091 0.340241090992842943
8 69.964000000000012847 0.169717412188614802
9 65.954999999999998295 0.505197980993592366
10 62.149999999999998579 0.205912602819740220
11 60.492999999999994998 0.311481941691648001
12 58.234999999999999432 0.288626055649867153
