1 386.390999999999962711 1.382399725115709854
2 205.226000000000027512 0.579054401589348067
3 148.010000000000047748 1.742119398893201554
4 118.625000000000000000 0.327391203302714373
5 104.423000000000030241 0.165773942463827734
6 96.338999999999998636 0.215473896330858145
7 116.604999999999989768 0.248002016120836249
8 110.892000000000010118 0.247095123383686194
9 108.097000000000008413 0.216520206909192464
10 103.916000000000011028 0.200758561461273383
11 100.954999999999998295 0.225000000000001643
12 97.868000000000009209 0.225734357154599274
