1 199.394000000000005457 2.150386941924640194
2 128.349999999999994316 0.106395488626159024
3 111.542000000000001592 1.958901733114756682
4 105.217000000000012960 0.072256487597999491
5 106.280999999999991701 0.132623527324529894
6 109.454000000000021942 0.128934091690289493
7 123.168000000000006366 0.139985713556778274
8 123.440000000000011937 0.075630681604755570
9 127.751000000000018986 0.131867357598457802
10 136.121000000000009322 0.176660691722857033
11 146.223000000000013188 0.276949453872001261
12 157.288000000000010914 0.247701433181156366
