1 4.252999999999999226 0.097984692682071509
2 2.219999999999999751 0.013416407864998717
3 1.516999999999999904 0.012688577540449532
4 1.157999999999999918 0.004000000000000004
5 0.972000000000000086 0.004000000000000004
6 0.932000000000000051 0.003999999999999959
7 1.064999999999999947 0.005000000000000004
8 0.993999999999999995 0.004898979485566361
9 0.936999999999999944 0.004582575694955793
10 0.903000000000000136 0.004582575694955844
11 0.880000000000000115 0.000000000000000111
12 0.858999999999999986 0.003000000000000002
