1 192.394999999999981810 0.248485412046663051
2 96.402999999999991587 0.036069377593744456
3 64.296999999999997044 0.178384416359726072
4 48.368999999999999773 0.207000000000000156
5 38.864000000000004320 0.174195292703333893
6 32.545000000000001705 0.157939861972839435
7 29.431999999999998607 0.140840335131665828
8 26.631000000000000227 0.112467773161914933
9 24.436999999999997613 0.241248834194074113
10 22.381000000000000227 0.103097041664637026
11 20.773000000000003240 0.147854658364218877
12 19.510000000000001563 0.176465294038232551
