1 4.264999999999999680 0.038535697735995432
2 2.182999999999999829 0.006403124237432830
3 1.485999999999999988 0.004898979485566360
4 1.148000000000000131 0.004000000000000004
5 0.962000000000000077 0.004000000000000004
6 0.937999999999999945 0.003999999999999959
7 1.034000000000000030 0.004898979485566361
8 0.970000000000000084 0.000000000000000111
9 0.920000000000000151 0.000000000000000111
10 0.896000000000000130 0.004898979485566360
11 0.872999999999999998 0.004582575694955844
12 0.852999999999999980 0.004582575694955844
