1 450.087999999999908596 4.051601658603662948
2 234.490000000000009095 1.189957982451479213
3 168.260999999999995680 1.226942948958916535
4 135.444999999999993179 0.738068425012207596
5 118.277000000000001023 0.738255375869353747
6 109.209000000000017394 0.608645216854614479
7 132.442000000000007276 0.375574227017772544
8 125.019000000000005457 0.208156191356395015
9 122.909999999999996589 0.119415241908227387
10 117.849999999999980105 0.050596442562692433
11 114.198000000000007503 0.054918120870985368
12 109.780999999999991701 0.251692272428059249
