1 106.844000000000008299 0.104613574644975824
2 56.166999999999994486 0.096752260955493469
3 39.546999999999997044 0.072256487597999908
4 31.294000000000000483 0.035270384177096326
5 26.745999999999998664 0.041279534881100054
6 23.661000000000001364 0.039610604640676728
7 25.863000000000006651 0.065429351211822126
8 24.109999999999999432 0.058480766068854058
9 23.039999999999999147 0.044944410108487903
10 22.048000000000001819 0.054369108876273130
11 21.153000000000002245 0.041243181254602732
12 20.225999999999999091 0.069598850565221346
