1 186.507000000000005002 0.300634329377071186
2 118.540000000000006253 0.123773987574127858
3 105.115999999999985448 0.098305645819555573
4 102.871000000000009322 0.129031004026165491
5 104.265999999999991132 0.429446154948441128
6 108.278999999999996362 1.413084923138026694
7 122.751999999999995339 0.805503569203761316
8 122.171000000000006480 1.069144050163494786
9 125.868999999999999773 1.190978169405301212
10 133.750000000000000000 0.698025787489252925
11 143.918000000000006366 0.844414590115542985
12 155.169999999999987494 0.152052622469983661
