1 227.192000000000007276 0.090421236443657640
2 113.888000000000005230 0.048332183894379495
3 75.974999999999994316 0.060704200843105259
4 57.287999999999996703 0.166901168360201108
5 45.981999999999999318 0.069253158772722465
6 38.528000000000005798 0.107591821250501624
7 34.011999999999993349 0.127184904764677226
8 30.354999999999996874 0.094472218138455744
9 27.469999999999998863 0.078102496759066289
10 25.064000000000000057 0.096041657628343838
11 23.082000000000000739 0.083282651254628290
12 21.372999999999997556 0.237573146630674137
