1 60.805999999999997385 1.182921806376060481
2 33.507000000000005002 0.117732748205415669
3 24.650999999999999801 0.612641004177814086
4 20.255000000000002558 0.143195670325607705
5 19.300999999999998380 0.095021050299393534
6 19.422999999999998266 0.324870743527329586
7 23.576000000000000512 0.446322753173082176
8 21.832999999999998408 0.422564787931981212
9 20.630999999999996675 0.416496098421101468
10 20.270999999999997243 0.274497723123526383
11 20.391999999999999460 0.410117056460713614
12 20.673999999999999488 0.532638714327075213
