1 17.080000000000005400 0.212320512433443603
2 11.361999999999998323 0.202375887891813683
3 11.208000000000000185 0.268544223546141492
4 11.638999999999999346 0.008306623862918305
5 11.934999999999998721 0.013601470508735154
6 12.341999999999998749 0.005999999999999873
7 12.746000000000000441 0.017999999999999617
8 12.542999999999999261 0.015524174696260436
9 12.634000000000000341 0.009165151389912028
10 12.774999999999998579 0.004999999999999893
11 12.934000000000001052 0.004898979485566252
12 13.110000000000002984 0.004472135954999484
