1 146.199999999999988631 1.087363784572573877
2 77.344000000000008299 0.366502387441065558
3 53.765000000000000568 0.463815696155272239
4 41.867999999999994998 0.222746492677213692
5 35.767000000000010118 0.143251527042471599
6 31.717999999999999972 0.096000000000000196
7 36.414000000000001478 0.100419121685065310
8 33.573999999999998067 0.077356318423253551
9 32.236000000000004206 0.067409198185410898
10 31.429000000000002046 0.040360872141221034
11 29.829000000000000625 0.023000000000000135
12 28.321999999999995623 0.075339232807349707
