1 110.649000000000000909 0.432214067332380436
2 57.803999999999994941 0.153440542230532495
3 41.174999999999997158 0.104043260233425069
4 32.554000000000002046 0.053888774341229170
5 27.976999999999996760 0.027946377224964073
6 25.448000000000000398 0.038418745424597216
7 34.231000000000008754 0.091153716325775846
8 31.785000000000003695 0.031384709652949906
9 29.614000000000004320 0.038522720568516196
10 27.568000000000001393 0.018867962264113147
11 27.040999999999996817 0.052621288467690909
12 25.583999999999999631 0.142351677194193615
