1 62.424000000000013699 0.081510735489259273
2 33.331000000000003070 0.042766809560685771
3 24.074000000000001620 0.041761226035641856
4 19.157999999999997698 0.034292856398964712
5 16.693999999999999062 0.030724582991473983
6 15.364999999999998437 0.078517513969814434
7 18.868999999999999773 0.080554329492585230
8 17.641999999999999460 0.094952619763754242
9 16.489000000000000767 0.119536605272192772
10 15.478999999999999204 0.045923850012820192
11 15.147000000000000242 0.064815121692395283
12 14.445999999999997954 0.100319489631875564
