1 23.986000000000000654 0.058514955353310937
2 12.647999999999999687 0.021354156504062399
3 9.001000000000001222 0.016401219466856375
4 7.118000000000000327 0.013266499161421677
5 6.130999999999999339 0.019209372712298677
6 5.419999999999999929 0.007745966692414669
7 5.982999999999999652 0.025317977802344311
8 5.573000000000000398 0.007810249675906635
9 5.253999999999999559 0.007999999999999830
10 4.983999999999999986 0.007999999999999985
11 4.778999999999999915 0.010440306508910643
12 4.558999999999999275 0.031764760348537049
