1 56.783999999999991815 0.021999999999999048
2 28.443000000000001393 0.049203658400569741
3 18.994999999999997442 0.016881943016134143
4 14.347999999999998977 0.024819347291981941
5 11.507999999999999119 0.017776388834630799
6 9.632000000000001450 0.041665333311999495
7 8.525999999999998025 0.038522720568516217
8 7.620000000000000107 0.039749213828703542
9 6.894000000000000128 0.022000000000000096
10 6.296000000000000263 0.043634848458542826
11 5.799000000000000377 0.025865034312755060
12 5.293000000000001037 0.116365802536655877
