1 48.052999999999997272 0.071140705647330021
2 24.098000000000002530 0.096829747495281379
3 16.051999999999999602 0.019899748742132548
4 12.120999999999998664 0.052621288467691756
5 9.733999999999999986 0.042000000000000134
6 8.145999999999997243 0.044542114902640102
7 7.503999999999999559 0.086856203002433907
8 6.723999999999999311 0.057999999999999947
9 6.127999999999999226 0.026758176320519304
10 5.660999999999999588 0.034481879299133371
11 5.206999999999998963 0.033481338085566366
12 4.848000000000000753 0.041904653679513917
