1 21.765999999999998238 0.307317425474052996
2 11.590999999999999304 0.044598206241955402
3 8.358000000000000540 0.027495454169735076
4 7.063000000000000611 0.027586228448267525
5 6.599999999999999645 0.012649110640673597
6 6.589999999999998970 0.008944271909998969
7 8.146000000000000796 0.019595917942265714
8 7.487000000000000099 0.016155494421403356
9 6.971000000000000973 0.010440306508910643
10 6.827000000000000846 0.004582575694955742
11 6.828000000000000291 0.007483314773547937
12 6.916999999999999815 0.010049875621120880
