1 1.052000000000000268 0.008717797887081354
2 0.539000000000000035 0.003000000000000002
3 0.369000000000000050 0.003000000000000003
4 0.280000000000000082 0.000000000000000056
5 0.235999999999999988 0.004898979485566347
6 0.210999999999999993 0.003000000000000002
7 0.242999999999999966 0.004582575694955844
8 0.230000000000000038 0.000000000000000028
9 0.220000000000000029 0.000000000000000028
10 0.212999999999999995 0.004582575694955844
11 0.210000000000000020 0.000000000000000028
12 0.206000000000000016 0.004898979485566346
