1 47.509999999999998010 1.155309482346613015
2 29.336999999999999744 0.330486005755160572
3 24.475000000000001421 0.130479883506998545
4 23.036999999999999034 0.091547801721286889
5 22.807000000000002160 0.115416636582427040
6 23.089000000000002188 0.067594378464484545
7 26.149999999999998579 0.098386991009991154
8 25.518000000000000682 0.039949968710876152
9 25.326000000000000512 0.035832945734337526
10 25.318999999999999062 0.057870545184921039
11 25.994999999999997442 0.039306488014067047
12 26.675999999999998380 0.094042543564070241
