1 2.008000000000000007 0.008717797887081345
2 1.282000000000000028 0.004000000000000004
3 1.169000000000000039 0.005385164807134508
4 1.151000000000000023 0.008306623862918082
5 1.162000000000000144 0.006000000000000005
6 1.184999999999999831 0.008062257748298557
7 1.329000000000000181 0.008306623862918083
8 1.260999999999999899 0.003000000000000003
9 1.262000000000000011 0.004000000000000004
10 1.292999999999999927 0.004582575694955844
11 1.340000000000000080 0.004472135954999583
12 1.396000000000000130 0.004898979485566360
