1 31.417000000000001592 0.287890604223201341
2 16.687000000000001165 0.096648848932617881
3 11.735000000000001208 0.049244289008980646
4 9.223000000000002530 0.053860932037981139
5 7.934000000000000163 0.024576411454889022
6 7.040000000000000924 0.027568097504180600
7 8.537000000000000810 0.038742741255621271
8 7.993999999999999773 0.023323807579380924
9 7.529000000000000803 0.009433981132056752
10 7.061999999999999389 0.020880613017821181
11 6.695000000000000284 0.015000000000000154
12 6.299000000000000377 0.034770677301427473
