1 21.799999999999997158 0.339411254969542719
2 11.596000000000000085 0.071302173879903716
3 8.370000000000000995 0.058480766068853628
4 7.075000000000000178 0.013601470508735546
5 6.596999999999999531 0.016763054614240148
6 6.570000000000000284 0.012649110640673528
7 8.172000000000000597 0.023151673805580249
8 7.490999999999999659 0.011357816691600469
9 6.974999999999999645 0.015000000000000065
10 6.840999999999999304 0.011357816691600454
11 6.855999999999999872 0.024166091947189178
12 6.975999999999999091 0.076052613367326230
