1 1.957000000000000073 0.009000000000000008
2 1.270999999999999908 0.003000000000000003
3 1.165000000000000036 0.005000000000000004
4 1.145000000000000018 0.005000000000000004
5 1.161000000000000032 0.003000000000000003
6 1.180999999999999828 0.003000000000000003
7 1.340000000000000080 0.004472135954999583
8 1.268999999999999906 0.005385164807134509
9 1.264000000000000012 0.004898979485566361
10 1.292000000000000259 0.004000000000000004
11 1.340000000000000080 0.000000000000000000
12 1.399999999999999911 0.004472135954999583
