1 1.070000000000000062 0.000000000000000000
2 0.549000000000000044 0.003000000000000003
3 0.370999999999999996 0.003000000000000002
4 0.286000000000000032 0.004898979485566333
5 0.240000000000000047 0.000000000000000056
6 0.216000000000000025 0.004898979485566360
7 0.252999999999999947 0.004582575694955844
8 0.240000000000000047 0.000000000000000056
9 0.223000000000000032 0.004582575694955844
10 0.220000000000000029 0.000000000000000028
11 0.210000000000000020 0.000000000000000028
12 0.210000000000000020 0.000000000000000028
