1 92.961999999999989086 0.106000000000000788
2 49.046999999999997044 0.091438503924768044
3 35.170999999999999375 0.075425459892532118
4 28.119999999999997442 0.040743097574927431
5 24.381000000000000227 0.035057096285916287
6 22.273000000000003240 0.027221315177632700
7 29.148999999999993804 0.082395388220457388
8 27.286999999999999034 0.040012498047485467
9 25.568999999999999062 0.034481879299133031
10 23.960000000000000853 0.034058772731852496
11 23.470999999999996533 0.050685303589896161
12 22.531000000000002359 0.126526677028996670
