1 47.678000000000004377 0.097036075765665003
2 29.350000000000001421 0.043817804600413242
3 24.703999999999997073 0.056603886792339894
4 23.195000000000000284 0.042720018726587802
5 22.926999999999999602 0.067683085036070692
6 23.221000000000000085 0.054120236510939536
7 26.243000000000002103 0.067535176019612495
8 25.702999999999995850 0.050009999000200284
9 25.679999999999999716 0.051768716422178791
10 25.667000000000001592 0.028301943396169853
11 26.407000000000000028 0.041484937025383167
12 27.272000000000002018 0.063686733312362603
