1 58.050000000000011369 0.160249804992082495
2 31.163000000000003809 0.036345563690772506
3 22.612000000000001876 0.040447496832314148
4 18.172000000000000597 0.037094473981983157
5 15.903000000000000469 0.027221315177632471
6 14.697999999999998622 0.019390719429665616
7 17.765000000000004121 0.122658061292358012
8 16.643000000000000682 0.081492330927516912
9 15.676999999999997826 0.042906875905849989
10 14.704000000000002402 0.024576411454889216
11 14.522999999999999687 0.058660037504249835
12 13.983999999999999986 0.063749509802036752
